0.647607 0.324078 0.774920 0.088636
-0.289767 -0.110502 0.786398 0.985019
-0.793082 0.664743 0.332213 -0.504294
0.331081 0.473778 0.789301 -0.216974
-0.687138 -0.725367 0.762165 -0.288719
-0.501265 -0.768734 -0.107306 0.499944
0.555713 -0.126060 -0.682347 -0.202342
-0.764646 0.588853 0.855353 -0.082981
-0.668198 -0.404013 -0.251409 0.577336
-0.708353 0.719290 -0.886845 0.788023
0.306639 -0.320808 0.176366 0.183253
-0.061505 0.281777 -0.182356 -0.850053
-0.843091 0.171805 -0.477912 -0.265437
0.805599 -0.300577 0.195358 -0.623379
0.865276 0.692831 0.408256 -0.436437
0.809911 0.171023 0.379767 0.745353
-0.853223 -0.113508 0.270675 -0.771592
-0.147878 0.621136 -0.571095 -0.396245
0.315315 -0.499943 -0.544177 0.012759
0.444592 0.252637 0.063554 0.156987
0.488411 0.729574 -0.048900 0.141342
-0.466529 -0.957604 -0.448727 0.240001
-0.310704 -0.009938 0.967553 -0.332065
0.978303 0.342205 -0.564168 0.021201
0.333927 0.313446 0.093087 0.521213
0.034161 0.141987 0.377453 -0.144486
-0.382454 0.103290 -0.009563 -0.730138
0.576442 0.253686 -0.300662 0.778033
0.409339 -0.236152 0.988540 0.392630
0.930756 -0.781907 0.486257 0.517856
-0.399330 0.454552 -0.340824 -0.229645
0.357480 0.163862 0.034924 0.960046
-0.506975 -0.725374 0.638211 0.415792
0.221642 -0.869523 -0.074813 0.624351
-0.536918 0.014555 0.621178 0.131572
-0.670550 0.072352 0.026201 0.363932
0.606426 0.204325 0.084646 0.653463
0.754571 0.071933 0.970291 -0.318195
0.094569 -0.574012 0.585154 0.685274
-0.601445 -0.486748 -0.780169 -0.306688
-0.504404 0.479252 0.791574 -0.008405
0.740711 -0.874251 0.465719 -0.652656
0.815164 0.458964 -0.193614 -0.067870
-0.685517 0.521308 -0.371420 -0.453661
-0.683888 -0.105010 -0.909779 -0.655435
0.107830 0.305442 -0.442576 -0.370781
0.276573 0.359017 -0.006489 0.932493
0.406678 -0.965183 0.167878 -0.476619
-0.543709 -0.114148 -0.486670 0.538605
0.336765 0.014807 0.861082 0.202147
-0.509672 -0.053279 0.546000 0.627289
0.839082 0.449229 0.195323 0.791067
-0.528957 -0.186165 -0.877314 0.984395
0.721508 0.386927 -0.920620 -0.853139
-0.706311 -0.971942 0.576549 0.063143
-0.764043 0.728525 0.319840 -0.450863
0.352419 -0.892101 0.453296 0.547122
-0.516202 0.198171 0.665892 -0.357427
0.731130 0.100377 -0.957821 -0.098539
-0.144424 0.658501 -0.581661 0.031921
0.489309 -0.184379 -0.860777 0.915563
-0.141435 0.907094 -0.472835 -0.934141
-0.113387 0.307581 -0.483774 -0.795512
-0.178230 0.495648 0.359507 0.241220
0.188998 0.496999 -0.944757 -0.537717
0.596464 0.766464 -0.036382 0.520471
-0.438708 0.632099 -0.313318 0.057567
-0.463183 -0.714043 -0.920335 -0.071681
-0.746947 0.054811 -0.794553 -0.055298
0.599171 0.260444 -0.712307 0.253912
-0.500349 0.634125 -0.269520 0.177607
-0.961852 0.156409 0.761408 0.989580
-0.123590 0.824881 -0.227547 -0.382332
0.150010 -0.773359 0.151302 0.924342
-0.589455 -0.970090 -0.302113 0.394636
0.642717 0.135915 0.321927 0.622714
-0.048453 -0.353687 -0.409194 0.676430
0.756879 0.858041 -0.902322 0.672067
-0.574041 0.087569 -0.224221 -0.476620
-0.544836 0.944410 0.706164 0.492986
-0.381717 0.484684 0.086657 0.445628
-0.328354 -0.649056 -0.678299 -0.168669
-0.819928 -0.529155 0.496847 0.514240
0.825531 0.705296 -0.089168 -0.640887
0.603528 -0.508344 0.266744 -0.835994
-0.554343 -0.849686 -0.666395 -0.101188
-0.667950 -0.242921 -0.766360 -0.207380
0.559188 0.273009 0.457505 -0.718606
0.383844 -0.724939 -0.043492 -0.966195
-0.842470 0.613136 0.979081 -0.581779
0.036901 0.191733 0.462940 0.634094
-0.780926 0.972378 0.763975 0.122188
-0.380953 -0.679491 -0.206992 -0.911178
-0.171890 -0.954924 0.590259 0.483224
-0.448275 -0.155649 0.013465 0.300477
0.112534 -0.635644 0.730434 0.396747
0.118412 0.146597 -0.138204 -0.795998
-0.338487 -0.957613 -0.596943 -0.822631
0.035704 0.073863 -0.578389 -0.981136
0.047361 0.002197 0.920498 0.807138
-0.428416 -0.393808 -0.728637 -0.205416
-0.422284 0.679726 0.150418 0.067263
0.491952 0.244996 -0.358948 -0.831764
0.536779 -0.352651 0.990766 -0.199156
0.778238 -0.153460 0.792720 -0.754848
-0.725132 0.711617 0.151463 -0.365105
-0.318061 0.354778 0.749977 0.868572
0.091473 -0.619884 -0.387492 -0.577274
-0.249645 0.221823 0.179443 -0.109459
0.323350 0.546876 -0.656163 -0.134849
-0.415022 0.730389 -0.351047 -0.054170
-0.430728 0.758991 0.360002 0.549177
0.023397 -0.762910 -0.235616 -0.001118
-0.782637 0.226093 -0.058026 0.751345
-0.150109 -0.873575 -0.174212 0.025288
-0.992406 0.629252 -0.155303 -0.181404
-0.860546 0.804219 0.513209 -0.498888
-0.816387 0.992043 -0.738313 -0.822139
0.312637 0.492470 0.942205 -0.361118
0.694631 0.668882 -0.104732 -0.234243
-0.928496 0.772152 -0.436546 0.967192
-0.401196 -0.893344 -0.428208 -0.899271
-0.053929 -0.384213 0.530821 -0.486632
-0.821213 -0.135240 -0.981048 -0.475427
-0.503367 -0.086149 0.102239 0.322111
-0.285307 0.848584 0.152164 -0.584275
0.094449 -0.599460 0.868658 -0.460900
-0.338287 0.417744 -0.979673 0.640725